869247060051882
868120302622664
868120302622665
351234567890123
351234567890124
351234567890125
351234567890126
351234567890127
351234567890128
351234567890129
351234567890130
351234567890131
351234567890132
351234567890133
351234567890134
351234567890135
351234567890136
351234567890137
351234567890138
351234567890139
351234567890140
351234567890141
351234567890142
351234567890143
351234567890144
351234567890145
351234567890146
351234567890147
351234567890148
351234567890149
351234567890150
351234567890151
351234567890152
351234567890153
351234567890154
351234567890155
351234567890156
351234567890157
351234567890158
351234567890159
351234567890160
351234567890161
351234567890162
351234567890163
351234567890164
351234567890165
351234567890166
351234567890167
351234567890168
351234567890169
351234567890170
351234567890171
351234567890172
351234567890173
351234567890174
351234567890175
351234567890176
351234567890177
351234567890178
351234567890179
351234567890180
351234567890181
351234567890182
351234567890183
351234567890184
351234567890185
351234567890186
351234567890187
351234567890188
351234567890189
351234567890190
351234567890191
351234567890192
351234567890193
351234567890194
351234567890195
351234567890196
351234567890197
351234567890198
351234567890199
351234567890200
351234567890201
351234567890202
351234567890203
351234567890204
351234567890205
351234567890206
351234567890207
351234567890208
351234567890209
351234567890210
351234567890211
351234567890212
351234567890213
351234567890214
351234567890215
351234567890216
351234567890217
351234567890218
351234567890219
351234567890220
351234567890221
351234567890222
351234567890223
351234567890224
351234567890225
351234567890226
351234567890227
351234567890228
351234567890229
351234567890230
351234567890231
351234567890232
351234567890233
351234567890234
351234567890235
351234567890236
351234567890237
351234567890238
351234567890239
351234567890240
351234567890241
351234567890242
351234567890243
351234567890244
351234567890245
351234567890246
351234567890247
351234567890248
351234567890249
351234567890250
351234567890251
351234567890252
351234567890253
351234567890254
351234567890255
351234567890256
351234567890257
351234567890258
351234567890259
351234567890260
351234567890261
351234567890262
351234567890263
351234567890264
351234567890265
351234567890266
351234567890267
351234567890268
351234567890269
351234567890270
351234567890271
351234567890272
351234567890273
351234567890274
351234567890275
351234567890276
351234567890277
351234567890278
351234567890279
351234567890280
351234567890281
351234567890282
351234567890283
351234567890284
351234567890285
351234567890286
351234567890287
351234567890288
351234567890289
351234567890290
351234567890291
351234567890292
351234567890293
351234567890294
351234567890295
351234567890296
351234567890297
351234567890298
351234567890299
351234567890300
351234567890301
351234567890302
351234567890303
351234567890304
351234567890305
351234567890306
351234567890307
351234567890308
351234567890309
351234567890310
351234567890311
351234567890312
351234567890313
351234567890314
351234567890315
351234567890316
351234567890317
351234567890318
351234567890319
351234567890320
351234567890321
351234567890322
351234567890323
351234567890324
351234567890325
351234567890326
351234567890327
351234567890328
351234567890329
351234567890330
351234567890331
351234567890332
351234567890333
351234567890334
351234567890335
351234567890336
351234567890337
351234567890338
351234567890339
351234567890340
351234567890341
351234567890342
351234567890343
351234567890344
351234567890345
351234567890346
351234567890347
351234567890348
351234567890349
351234567890350
351234567890351
351234567890352
351234567890353
351234567890354
351234567890355
351234567890356
351234567890357
351234567890358
351234567890359
351234567890360
351234567890361
351234567890362
351234567890363
351234567890364
351234567890365
351234567890366
351234567890367
351234567890368
351234567890369
351234567890370
